36
40 24 29 44 11 44 
40 24 39 34 29 44 
29 44 4 55 11 44 
29 44 4 71 4 55 
29 44 47 53 4 71 
29 44 42 41 47 53 
47 53 33 92 4 71 
42 41 59 41 47 53 
47 53 58 91 33 92 
33 92 9 85 4 71 
47 53 67 53 58 91 
58 91 53 102 33 92 
33 92 12 94 9 85 
67 53 96 92 58 91 
58 91 56 98 53 102 
53 102 37 104 33 92 
33 92 18 110 12 94 
67 53 94 58 96 92 
96 92 83 103 58 91 
53 102 49 113 37 104 
18 110 5 102 12 94 
67 53 84 56 94 58 
96 92 87 111 83 103 
49 113 38 113 37 104 
18 110 6 109 5 102 
84 56 93 48 94 58 
87 111 83 110 83 103 
93 48 96 53 94 58 
93 48 99 43 96 53 
93 48 91 41 99 43 
99 43 104 48 96 53 
91 41 99 34 99 43 
99 34 109 35 99 43 
99 34 94 19 109 35 
94 19 139 4 109 35 
139 4 137 23 109 35 
