40
430 3 476 17 437 28 
476 17 464 29 437 28 
476 17 470 29 464 29 
470 29 463 40 464 29 
470 29 474 38 463 40 
470 29 482 27 474 38 
482 27 483 40 474 38 
483 40 475 48 474 38 
483 40 482 48 475 48 
483 40 489 48 482 48 
483 40 490 39 489 48 
489 48 483 53 482 48 
489 48 490 53 483 53 
489 48 493 47 490 53 
493 47 501 44 490 53 
501 44 515 46 490 53 
515 46 500 90 490 53 
515 46 519 91 500 90 
500 90 478 76 490 53 
515 46 548 49 519 91 
500 90 488 92 478 76 
478 76 483 61 490 53 
515 46 523 42 548 49 
548 49 553 94 519 91 
488 92 481 88 478 76 
515 46 515 43 523 42 
523 42 525 38 548 49 
548 49 569 63 553 94 
553 94 528 96 519 91 
488 92 483 96 481 88 
548 49 562 54 569 63 
569 63 569 78 553 94 
553 94 539 111 528 96 
488 92 488 96 483 96 
483 96 479 94 481 88 
569 78 570 85 553 94 
553 94 556 107 539 111 
569 78 572 78 570 85 
570 85 558 94 553 94 
556 107 549 111 539 111 
