28
3 4 26 31 7 25 
3 4 45 18 26 31 
45 18 39 36 26 31 
39 36 30 47 26 31 
39 36 42 46 30 47 
39 36 49 38 42 46 
49 38 48 49 42 46 
48 49 41 53 42 46 
48 49 52 53 41 53 
48 49 58 49 52 53 
52 53 58 62 41 53 
52 53 58 55 58 62 
58 55 75 48 58 62 
75 48 56 83 58 62 
75 48 86 98 56 83 
75 48 109 51 86 98 
86 98 67 96 56 83 
75 48 99 43 109 51 
109 51 112 98 86 98 
75 48 83 44 99 43 
109 51 133 77 112 98 
112 98 101 112 86 98 
83 44 87 40 99 43 
109 51 123 54 133 77 
133 77 122 93 112 98 
101 112 91 110 86 98 
123 54 132 64 133 77 
133 77 135 83 122 93 
