38
136 14 159 39 139 39 
136 14 172 24 159 39 
172 24 168 44 159 39 
168 44 163 55 159 39 
168 44 170 55 163 55 
168 44 179 44 170 55 
179 44 180 56 170 55 
180 56 179 65 170 55 
180 56 187 65 179 65 
179 65 170 66 170 55 
180 56 187 56 187 65 
187 65 183 72 179 65 
187 65 195 71 183 72 
187 65 195 66 195 71 
195 66 206 57 195 71 
206 57 219 54 195 71 
219 54 229 93 195 71 
219 54 240 54 229 93 
229 93 195 94 195 71 
240 54 262 87 229 93 
229 93 220 108 195 94 
195 94 192 78 195 71 
240 54 272 64 262 87 
262 87 240 98 229 93 
229 93 225 102 220 108 
220 108 202 106 195 94 
240 54 257 44 272 64 
272 64 272 81 262 87 
262 87 257 97 240 98 
220 108 209 110 202 106 
240 54 241 37 257 44 
257 44 269 50 272 64 
272 64 279 69 272 81 
257 97 251 103 240 98 
240 54 231 41 241 37 
240 54 229 50 231 41 
231 41 224 34 241 37 
229 50 218 44 231 41 
