41
279 9 316 21 282 34 
316 21 304 36 282 34 
316 21 311 34 304 36 
311 34 312 47 304 36 
311 34 323 35 312 47 
312 47 301 44 304 36 
323 35 323 49 312 47 
323 49 318 60 312 47 
323 49 324 60 318 60 
318 60 312 59 312 47 
323 49 331 50 324 60 
331 50 331 60 324 60 
331 60 328 66 324 60 
331 60 333 65 328 66 
331 60 338 55 333 65 
338 55 352 49 333 65 
352 49 368 49 333 65 
368 49 358 95 333 65 
368 49 396 86 358 95 
358 95 328 92 333 65 
368 49 386 44 396 86 
358 95 341 102 328 92 
328 92 330 75 333 65 
386 44 426 57 396 86 
341 102 334 102 328 92 
386 44 405 34 426 57 
426 57 423 74 396 86 
334 102 329 105 328 92 
386 44 390 26 405 34 
405 34 419 37 426 57 
426 57 431 58 423 74 
423 74 407 87 396 86 
329 105 321 95 328 92 
386 44 372 25 390 26 
423 74 420 87 407 87 
329 105 321 104 321 95 
386 44 364 30 372 25 
372 25 372 21 390 26 
423 74 424 83 420 87 
329 105 326 111 321 104 
423 74 427 78 424 83 
