31
445 60 462 54 443 76 
462 54 467 97 443 76 
462 54 492 100 467 97 
467 97 456 97 443 76 
462 54 489 45 492 100 
492 100 479 111 467 97 
456 97 441 84 443 76 
462 54 470 44 489 45 
489 45 521 72 492 100 
492 100 489 111 479 111 
441 84 439 80 443 76 
470 44 490 40 489 45 
489 45 509 52 521 72 
521 72 514 95 492 100 
489 45 497 45 509 52 
509 52 519 61 521 72 
509 52 515 55 519 61 
515 55 518 54 519 61 
518 54 525 55 519 61 
518 54 518 51 525 55 
525 55 525 60 519 61 
518 51 528 45 525 55 
528 45 538 52 525 55 
528 45 537 47 538 52 
528 45 536 33 537 47 
528 45 527 35 536 33 
536 33 547 45 537 47 
536 33 550 28 547 45 
536 33 530 16 550 28 
530 16 573 3 550 28 
573 3 571 27 550 28 
