41
157 38 151 57 148 46 
157 38 154 74 151 57 
157 38 189 44 154 74 
154 74 148 67 151 57 
157 38 171 32 189 44 
189 44 187 85 154 74 
148 67 146 61 151 57 
171 32 185 27 189 44 
189 44 216 48 187 85 
187 85 174 89 154 74 
185 27 203 30 189 44 
189 44 203 46 216 48 
216 48 220 96 187 85 
174 89 159 88 154 74 
185 27 203 23 203 30 
203 30 213 30 189 44 
216 48 243 67 220 96 
159 88 153 80 154 74 
216 48 231 54 243 67 
243 67 247 92 220 96 
153 80 149 79 154 74 
231 54 240 61 243 67 
243 67 248 80 247 92 
247 92 238 104 220 96 
240 61 242 60 243 67 
247 92 246 103 238 104 
242 60 252 65 243 67 
247 92 255 105 246 103 
242 60 252 58 252 65 
255 105 253 110 246 103 
242 60 243 53 252 58 
243 53 254 49 252 58 
254 49 263 58 252 58 
254 49 260 48 263 58 
254 49 252 37 260 48 
252 37 262 35 260 48 
262 35 274 44 260 48 
262 35 271 34 274 44 
262 35 260 22 271 34 
260 22 295 29 271 34 
260 22 298 8 295 29 
