37
12 56 20 52 4 74 
20 52 24 96 4 74 
20 52 64 91 24 96 
24 96 12 93 4 74 
20 52 58 44 64 91 
64 91 55 93 24 96 
12 93 4 77 4 74 
20 52 51 38 58 44 
58 44 89 53 64 91 
55 93 45 100 24 96 
12 93 4 85 4 77 
58 44 70 45 89 53 
89 53 96 78 64 91 
45 100 28 109 24 96 
58 44 62 43 70 45 
70 45 82 46 89 53 
89 53 95 64 96 78 
96 78 75 91 64 91 
45 100 38 111 28 109 
28 109 20 111 24 96 
82 46 87 46 89 53 
96 78 84 91 75 91 
87 46 96 47 89 53 
96 78 98 90 84 91 
87 46 91 41 96 47 
98 90 89 95 84 91 
87 46 88 42 91 41 
91 41 102 38 96 47 
98 90 96 96 89 95 
91 41 91 27 102 38 
102 38 102 43 96 47 
91 27 103 27 102 38 
103 27 115 27 102 38 
103 27 100 12 115 27 
115 27 115 40 102 38 
100 12 145 3 115 27 
145 3 137 29 115 27 
