34
307 48 336 55 302 63 
307 48 324 38 336 55 
336 55 313 87 302 63 
324 38 347 40 336 55 
336 55 350 95 313 87 
313 87 299 78 302 63 
324 38 354 33 347 40 
347 40 361 44 336 55 
336 55 360 56 350 95 
350 95 341 94 313 87 
299 78 295 69 302 63 
360 56 384 75 350 95 
341 94 319 96 313 87 
360 56 377 64 384 75 
384 75 374 102 350 95 
341 94 330 105 319 96 
377 64 383 67 384 75 
384 75 384 90 374 102 
374 102 355 104 350 95 
383 67 396 67 384 75 
374 102 367 110 355 104 
383 67 386 58 396 67 
367 110 355 111 355 104 
386 58 395 56 396 67 
395 56 396 65 396 67 
395 56 405 63 396 65 
395 56 407 53 405 63 
395 56 404 46 407 53 
395 56 394 45 404 46 
404 46 418 41 407 53 
404 46 404 25 418 41 
418 41 417 56 407 53 
404 25 439 15 418 41 
439 15 440 36 418 41 
