26
14 3 36 9 22 14 
36 9 30 33 22 14 
36 9 47 33 30 33 
30 33 19 25 22 14 
36 9 63 27 47 33 
19 25 11 17 22 14 
63 27 40 43 47 33 
63 27 34 61 40 43 
63 27 86 71 34 61 
63 27 92 48 86 71 
86 71 45 104 34 61 
63 27 78 27 92 48 
92 48 98 50 86 71 
86 71 81 110 45 104 
45 104 30 90 34 61 
86 71 85 96 81 110 
81 110 49 109 45 104 
45 104 30 99 30 90 
30 90 22 78 34 61 
86 71 96 88 85 96 
81 110 46 115 49 109 
30 90 22 84 22 78 
22 78 3 57 34 61 
96 88 94 99 85 96 
81 110 86 113 46 115 
3 57 20 44 34 61 
