29
18 29 8 46 10 33 
18 29 38 27 8 46 
38 27 11 73 8 46 
38 27 63 64 11 73 
11 73 3 62 8 46 
38 27 55 40 63 64 
63 64 38 113 11 73 
3 62 4 53 8 46 
38 27 59 28 55 40 
63 64 62 100 38 113 
38 113 16 99 11 73 
38 27 56 8 59 28 
59 28 85 28 55 40 
63 64 68 93 62 100 
62 100 56 116 38 113 
38 113 19 105 16 99 
16 99 11 77 11 73 
56 8 68 18 59 28 
85 28 94 30 55 40 
63 64 78 75 68 93 
56 116 40 118 38 113 
38 113 35 113 19 105 
56 8 71 3 68 18 
63 64 87 40 78 75 
78 75 73 89 68 93 
35 113 21 115 19 105 
87 40 105 57 78 75 
35 113 30 119 21 115 
21 115 13 110 19 105 
