32
130 27 119 51 119 35 
130 27 147 27 119 51 
147 27 165 44 119 51 
147 27 171 26 165 44 
165 44 121 77 119 51 
147 27 161 16 171 26 
171 26 189 38 165 44 
165 44 173 78 121 77 
121 77 114 66 119 51 
161 16 180 16 171 26 
171 26 187 26 189 38 
165 44 175 61 173 78 
173 78 131 103 121 77 
114 66 112 53 119 51 
161 16 178 3 180 16 
187 26 205 32 189 38 
173 78 171 110 131 103 
131 103 125 96 121 77 
173 78 185 99 171 110 
171 110 153 114 131 103 
125 96 112 92 121 77 
173 78 191 88 185 99 
185 99 179 108 171 110 
171 110 166 116 153 114 
153 114 140 118 131 103 
125 96 117 99 112 92 
173 78 202 51 191 88 
191 88 193 96 185 99 
166 116 152 118 153 114 
153 114 146 117 140 118 
140 118 126 108 131 103 
202 51 220 71 191 88 
