29
249 3 268 17 261 29 
268 17 265 39 261 29 
268 17 285 27 265 39 
265 39 245 40 261 29 
285 27 257 64 265 39 
245 40 230 31 261 29 
285 27 306 72 257 64 
285 27 312 37 306 72 
306 72 259 97 257 64 
285 27 299 24 312 37 
312 37 313 54 306 72 
306 72 287 110 259 97 
259 97 245 88 257 64 
313 54 316 65 306 72 
306 72 307 88 287 110 
287 110 269 116 259 97 
259 97 251 93 245 88 
245 88 240 77 257 64 
313 54 317 53 316 65 
307 88 299 106 287 110 
287 110 282 113 269 116 
269 116 262 110 259 97 
259 97 251 99 251 93 
240 77 228 38 257 64 
299 106 296 118 287 110 
282 113 283 118 269 116 
240 77 212 60 228 38 
299 106 306 110 296 118 
296 118 290 118 287 110 
