34
239 28 230 40 234 30 
239 28 226 50 230 40 
239 28 230 70 226 50 
239 28 281 56 230 70 
230 70 222 55 226 50 
239 28 270 33 281 56 
281 56 275 104 230 70 
222 55 223 51 226 50 
239 28 253 24 270 33 
270 33 280 43 281 56 
281 56 294 79 275 104 
275 104 233 98 230 70 
253 24 270 13 270 33 
281 56 317 56 294 79 
294 79 288 90 275 104 
275 104 252 115 233 98 
233 98 228 75 230 70 
270 13 280 33 270 33 
281 56 296 42 317 56 
294 79 294 88 288 90 
288 90 283 97 275 104 
275 104 265 117 252 115 
252 115 236 111 233 98 
233 98 224 84 228 75 
270 13 295 16 280 33 
288 90 289 97 283 97 
283 97 284 102 275 104 
275 104 273 112 265 117 
252 115 236 116 236 111 
233 98 225 97 224 84 
270 13 288 5 295 16 
295 16 295 26 280 33 
288 5 306 6 295 16 
295 16 307 14 295 26 
