32
136 3 151 11 143 28 
151 11 167 28 143 28 
167 28 152 42 143 28 
167 28 147 54 152 42 
152 42 128 39 143 28 
167 28 192 73 147 54 
128 39 128 25 143 28 
167 28 202 46 192 73 
192 73 143 77 147 54 
128 39 114 29 128 25 
167 28 190 27 202 46 
202 46 202 65 192 73 
192 73 188 104 143 77 
143 77 144 63 147 54 
202 46 205 56 202 65 
192 73 193 95 188 104 
188 104 151 107 143 77 
192 73 206 95 193 95 
188 104 168 114 151 107 
151 107 131 97 143 77 
206 95 202 96 193 95 
188 104 180 118 168 114 
168 114 151 114 151 107 
151 107 138 111 131 97 
131 97 126 89 143 77 
188 104 196 104 180 118 
168 114 168 118 151 114 
151 107 144 112 138 111 
126 89 117 51 143 77 
151 107 144 113 144 112 
126 89 104 72 117 51 
104 72 102 67 117 51 
